7
14
17
21
27
28
35
37
42
47
49
56
57
63
67
70
71
72
73
74
75
76
77
78
79
84
87
91
97
98
105
107
112
117
119
126
127
133
137
140
147
154
157
161
167
168
175
177
182
187
189
196
197
203
207
210
217
224
227
231
237
238
245
247
252
257
259
266
267
273
277
280
287
294
297
301
307
308
315
317
322
327
329
336
337
343
347
350
357
364
367
371
377
378
385
387
392
397
399
406
407
413
417
420
427
434
437
441
447
448
455
457
462
467
469
476
477
483
487
490
497
504
507
511
517
518
525
527
532
537
539
546
547
553
557
560
567
574
577
581
587
588
595
597
602
607
609
616
617
623
627
630
637
644
647
651
657
658
665
667
672
677
679
686
687
693
697
700
707
714
717
721
727
728
735
737
742
747
749
756
757
763
767
770
777
784
787
791
797
798
805
807
812
817
819
826
827
833
837
840
847
854
857
861
867
868
875
877
882
887
889
896
897
903
907
910
917
924
927
931
937
938
945
947
952
957
959
966
967
973
977
980
987
994
997
1001
1007
1008
1015
1017
1022
1027
1029
1036
1037
1043
1047
1050
1057
1064
1067
1071
1077
1078
1085
1087
1092
1097
1099
1106
1107
1113
1117
1120
1127
1134
1137
1141
1147
1148
1155
1157
1162
1167
1169
1176
1177
1183
1187
1190
1197
1204
1207
1211
1217
1218
1225
1227
1232
1237
1239
1246
1247
1253
1257
1260
1267
1274
1277
1281
1287
1288
1295
1297
1302
1307
1309
1316
1317
1323
1327
1330
1337
1344
1347
1351
1357
1358
1365
1367
1372
1377
1379
1386
1387
1393
1397
1400
1407
1414
1417
1421
1427
1428
1435
1437
1442
1447
1449
1456
1457
1463
1467
1470
1477
1484
1487
1491
1497
1498
1505
1507
1512
1517
1519
1526
1527
1533
1537
1540
1547
1554
1557
1561
1567
1568
1575
1577
1582
1587
1589
1596
1597
1603
1607
1610
1617
1624
1627
1631
1637
1638
1645
1647
1652
1657
1659
1666
1667
1673
1677
1680
1687
1694
1697
1701
1707
1708
1715
1717
1722
1727
1729
1736
1737
1743
1747
1750
1757
1764
1767
1771
1777
1778
1785
1787
1792
1797
1799
1806
1807
1813
1817
1820
1827
1834
1837
1841
1847
1848
1855
1857
1862
1867
1869
1876
1877
1883
1887
1890
1897
1904
1907
1911
1917
1918
1925
1927
1932
1937
1939
1946
1947
1953
1957
1960
1967
1974
1977
1981
1987
1988
1995
1997
2002
2007
2009
2016
2017
2023
2027
2030
2037
2044
2047
2051
2057
2058
2065
2067
2072
2077
2079
2086
2087
2093
2097
2100
2107
2114
2117
2121
2127
2128
2135
2137
2142
2147
2149
2156
2157
2163
2167
2170
2177
2184
2187
2191
2197
2198
2205
2207
2212
2217
2219
2226
2227
2233
2237
2240
2247
2254
2257
2261
2267
2268
2275
2277
2282
2287
2289
2296
2297
2303
2307
2310
2317
2324
2327
2331
2337
2338
2345
2347
2352
2357
2359
2366
2367
2373
2377
2380
2387
2394
2397
2401
2407
2408
2415
2417
2422
2427
2429
2436
2437
2443
2447
2450
2457
2464
2467
2471
2477
2478
2485
2487
2492
2497
2499
2506
2507
2513
2517
2520
2527
2534
2537
2541
2547
2548
2555
2557
2562
2567
2569
2576
2577
2583
2587
2590
2597
2604
2607
2611
2617
2618
2625
2627
2632
2637
2639
2646
2647
2653
2657
2660
2667
2674
2677
2681
2687
2688
2695
2697
2702
2707
2709
2716
2717
2723
2727
2730
2737
2744
2747
2751
2757
2758
2765
2767
2772
2777
2779
2786
2787
2793
2797
2800
2807
2814
2817
2821
2827
2828
2835
2837
2842
2847
2849
2856
2857
2863
2867
2870
2877
2884
2887
2891
2897
2898
2905
2907
2912
2917
2919
2926
2927
2933
2937
2940
2947
2954
2957
2961
2967
2968
2975
2977
2982
2987
2989
2996
2997
3003
3007
3010
3017
3024
3027
3031
3037
3038
3045
3047
3052
3057
3059
3066
3067
3073
3077
3080
3087
3094
3097
3101
3107
3108
3115
3117
3122
3127
3129
3136
3137
3143
3147
3150
3157
3164
3167
3171
3177
3178
3185
3187
3192
3197
3199
3206
3207
3213
3217
3220
3227
3234
3237
3241
3247
3248
3255
3257
3262
3267
3269
3276
3277
3283
3287
3290
3297
3304
3307
3311
3317
3318
3325
3327
3332
3337
3339
3346
3347
3353
3357
3360
3367
3374
3377
3381
3387
3388
3395
3397
3402
3407
3409
3416
3417
3423
3427
3430
3437
3444
3447
3451
3457
3458
3465
3467
3472
3477
3479
3486
3487
3493
3497
3500
3507
3514
3517
3521
3527
3528
3535
3537
3542
3547
3549
3556
3557
3563
3567
3570
3577
3584
3587
3591
3597
3598
3605
3607
3612
3617
3619
3626
3627
3633
3637
3640
3647
3654
3657
3661
3667
3668
3675
3677
3682
3687
3689
3696
3697
3703
3707
3710
3717
3724
3727
3731
3737
3738
3745
3747
3752
3757
3759
3766
3767
3773
3777
3780
3787
3794
3797
3801
3807
3808
3815
3817
3822
3827
3829
3836
3837
3843
3847
3850
3857
3864
3867
3871
3877
3878
3885
3887
3892
3897
3899
3906
3907
3913
3917
3920
3927
3934
3937
3941
3947
3948
3955
3957
3962
3967
3969
3976
3977
3983
3987
3990
3997
4004
4007
4011
4017
4018
4025
4027
4032
4037
4039
4046
4047
4053
4057
4060
4067
4074
4077
4081
4087
4088
4095
4097
4102
4107
4109
4116
4117
4123
4127
4130
4137
4144
4147
4151
4157
4158
4165
4167
4172
4177
4179
4186
4187
4193
4197
4200
4207
4214
4217
4221
4227
4228
4235
4237
4242
4247
4249
4256
4257
4263
4267
4270
4277
4284
4287
4291
4297
4298
4305
4307
4312
4317
4319
4326
4327
4333
4337
4340
4347
4354
4357
4361
4367
4368
4375
4377
4382
4387
4389
4396
4397
4403
4407
4410
4417
4424
4427
4431
4437
4438
4445
4447
4452
4457
4459
4466
4467
4473
4477
4480
4487
4494
4497
4501
4507
4508
4515
4517
4522
4527
4529
4536
4537
4543
4547
4550
4557
4564
4567
4571
4577
4578
4585
4587
4592
4597
4599
4606
4607
4613
4617
4620
4627
4634
4637
4641
4647
4648
4655
4657
4662
4667
4669
4676
4677
4683
4687
4690
4697
4704
4707
4711
4717
4718
4725
4727
4732
4737
4739
4746
4747
4753
4757
4760
4767
4774
4777
4781
4787
4788
4795
4797
4802
4807
4809
4816
4817
4823
4827
4830
4837
4844
4847
4851
4857
4858
4865
4867
4872
4877
4879
4886
4887
4893
4897
4900
4907
4914
4917
4921
4927
4928
4935
4937
4942
4947
4949
4956
4957
4963
4967
4970
4977
4984
4987
4991
4997
4998
5005
5007
5012
5017
5019
5026
5027
5033
5037
5040
5047
5054
5057
5061
5067
5068
5075
5077
5082
5087
5089
5096
5097
5103
5107
5110
5117
5124
5127
5131
5137
5138
5145
5147
5152
5157
5159
5166
5167
5173
5177
5180
5187
5194
5197
5201
5207
5208
5215
5217
5222
5227
5229
5236
5237
5243
5247
5250
5257
5264
5267
5271
5277
5278
5285
5287
5292
5297
5299
5306
5307
5313
5317
5320
5327
5334
5337
5341
5347
5348
5355
5357
5362
5367
5369
5376
5377
5383
5387
5390
5397
5404
5407
5411
5417
5418
5425
5427
5432
5437
5439
5446
5447
5453
5457
5460
5467
5474
5477
5481
5487
5488
5495
5497
5502
5507
5509
5516
5517
5523
5527
5530
5537
5544
5547
5551
5557
5558
5565
5567
5572
5577
5579
5586
5587
5593
5597
5600
5607
5614
5617
5621
5627
5628
5635
5637
5642
5647
5649
5656
5657
5663
5667
5670
5677
5684
5687
5691
5697
5698
5705
5707
5712
5717
5719
5726
5727
5733
5737
5740
5747
5754
5757
5761
5767
5768
5775
5777
5782
5787
5789
5796
5797
5803
5807
5810
5817
5824
5827
5831
5837
5838
5845
5847
5852
5857
5859
5866
5867
5873
5877
5880
5887
5894
5897
5901
5907
5908
5915
5917
5922
5927
5929
5936
5937
5943
5947
5950
5957
5964
5967
5971
5977
5978
5985
5987
5992
5997
5999
6006
6007
6013
6017
6020
6027
6034
6037
6041
6047
6048
6055
6057
6062
6067
6069
6076
6077
6083
6087
6090
6097
6104
6107
6111
6117
6118
6125
6127
6132
6137
6139
6146
6147
6153
6157
6160
6167
6174
6177
6181
6187
6188
6195
6197
6202
6207
6209
6216
6217
6223
6227
6230
6237
6244
6247
6251
6257
6258
6265
6267
6272
6277
6279
6286
6287
6293
6297
6300
6307
6314
6317
6321
6327
6328
6335
6337
6342
6347
6349
6356
6357
6363
6367
6370
6377
6384
6387
6391
6397
6398
6405
6407
6412
6417
6419
6426
6427
6433
6437
6440
6447
6454
6457
6461
6467
6468
6475
6477
6482
6487
6489
6496
6497
6503
6507
6510
6517
6524
6527
6531
6537
6538
6545
6547
6552
6557
6559
6566
6567
6573
6577
6580
6587
6594
6597
6601
6607
6608
6615
6617
6622
6627
6629
6636
6637
6643
6647
6650
6657
6664
6667
6671
6677
6678
6685
6687
6692
6697
6699
6706
6707
6713
6717
6720
6727
6734
6737
6741
6747
6748
6755
6757
6762
6767
6769
6776
6777
6783
6787
6790
6797
6804
6807
6811
6817
6818
6825
6827
6832
6837
6839
6846
6847
6853
6857
6860
6867
6874
6877
6881
6887
6888
6895
6897
6902
6907
6909
6916
6917
6923
6927
6930
6937
6944
6947
6951
6957
6958
6965
6967
6972
6977
6979
6986
6987
6993
6997
7000
7007
7014
7017
7021
7027
7028
7035
7037
7042
7047
7049
7056
7057
7063
7067
7070
7077
7084
7087
7091
7097
7098
7105
7107
7112
7117
7119
7126
7127
7133
7137
7140
7147
7154
7157
7161
7167
7168
7175
7177
7182
7187
7189
7196
7197
7203
7207
7210
7217
7224
7227
7231
7237
7238
7245
7247
7252
7257
7259
7266
7267
7273
7277
7280
7287
7294
7297
7301
7307
7308
7315
7317
7322
7327
7329
7336
7337
7343
7347
7350
7357
7364
7367
7371
7377
7378
7385
7387
7392
7397
7399
7406
7407
7413
7417
7420
7427
7434
7437
7441
7447
7448
7455
7457
7462
7467
7469
7476
7477
7483
7487
7490
7497
7504
7507
7511
7517
7518
7525
7527
7532
7537
7539
7546
7547
7553
7557
7560
7567
7574
7577
7581
7587
7588
7595
7597
7602
7607
7609
7616
7617
7623
7627
7630
7637
7644
7647
7651
7657
7658
7665
7667
7672
7677
7679
7686
7687
7693
7697
7700
7707
7714
7717
7721
7727
7728
7735
7737
7742
7747
7749
7756
7757
7763
7767
7770
7777
7784
7787
7791
7797
7798
7805
7807
7812
7817
7819
7826
7827
7833
7837
7840
7847
7854
7857
7861
7867
7868
7875
7877
7882
7887
7889
7896
7897
7903
7907
7910
7917
7924
7927
7931
7937
7938
7945
7947
7952
7957
7959
7966
7967
7973
7977
7980
7987
7994
7997
8001
8007
8008
8015
8017
8022
8027
8029
8036
8037
8043
8047
8050
8057
8064
8067
8071
8077
8078
8085
8087
8092
8097
8099
8106
8107
8113
8117
8120
8127
8134
8137
8141
8147
8148
8155
8157
8162
8167
8169
8176
8177
8183
8187
8190
8197
8204
8207
8211
8217
8218
8225
8227
8232
8237
8239
8246
8247
8253
8257
8260
8267
8274
8277
8281
8287
8288
8295
8297
8302
8307
8309
8316
8317
8323
8327
8330
8337
8344
8347
8351
8357
8358
8365
8367
8372
8377
8379
8386
8387
8393
8397
8400
8407
8414
8417
8421
8427
8428
8435
8437
8442
8447
8449
8456
8457
8463
8467
8470
8477
8484
8487
8491
8497
8498
8505
8507
8512
8517
8519
8526
8527
8533
8537
8540
8547
8554
8557
8561
8567
8568
8575
8577
8582
8587
8589
8596
8597
8603
8607
8610
8617
8624
8627
8631
8637
8638
8645
8647
8652
8657
8659
8666
8667
8673
8677
8680
8687
8694
8697
8701
8707
8708
8715
8717
8722
8727
8729
8736
8737
8743
8747
8750
8757
8764
8767
8771
8777
8778
8785
8787
8792
8797
8799
8806
8807
8813
8817
8820
8827
8834
8837
8841
8847
8848
8855
8857
8862
8867
8869
8876
8877
8883
8887
8890
8897
8904
8907
8911
8917
8918
8925
8927
8932
8937
8939
8946
8947
8953
8957
8960
8967
8974
8977
8981
8987
8988
8995
8997
9002
9007
9009
9016
9017
9023
9027
9030
9037
9044
9047
9051
9057
9058
9065
9067
9072
9077
9079
9086
9087
9093
9097
9100
9107
9114
9117
9121
9127
9128
9135
9137
9142
9147
9149
9156
9157
9163
9167
9170
9177
9184
9187
9191
9197
9198
9205
9207
9212
9217
9219
9226
9227
9233
9237
9240
9247
9254
9257
9261
9267
9268
9275
9277
9282
9287
9289
9296
9297
9303
9307
9310
9317
9324
9327
9331
9337
9338
9345
9347
9352
9357
9359
9366
9367
9373
9377
9380
9387
9394
9397
9401
9407
9408
9415
9417
9422
9427
9429
9436
9437
9443
9447
9450
9457
9464
9467
9471
9477
9478
9485
9487
9492
9497
9499
9506
9507
9513
9517
9520
9527
9534
9537
9541
9547
9548
9555
9557
9562
9567
9569
9576
9577
9583
9587
9590
9597
9604
9607
9611
9617
9618
9625
9627
9632
9637
9639
9646
9647
9653
9657
9660
9667
9674
9677
9681
9687
9688
9695
9697
9702
9707
9709
9716
9717
9723
9727
9730
9737
9744
9747
9751
9757
9758
9765
9767
9772
9777
9779
9786
9787
9793
9797
9800
9807
9814
9817
9821
9827
9828
9835
9837
9842
9847
9849
9856
9857
9863
9867
9870
9877
9884
9887
9891
9897
9898
9905
9907
9912
9917
9919
9926
9927
9933
9937
9940
9947
9954
9957
9961
9967
9968
9975
9977
9982
9987
9989
9996
9997
